16
19
20
16
16
19
18
19
20
22
18
18
22
18
19
20
19
22
19
17
22
19
20
17
18
22
22
22
20
18
18
18
14
22
19
20
18
18
19
19
19
17
22
22
20
19
22
19
22
12
20
22
19
20
19
18
18
22
22
19
20
18
18
19
14
18
18
17
22
16
19
22
17
20
18
17
13
19
19
19
20
20
20
22
19
22
18
20
18
18
22
19
22
22
19
18
20
20
19
18
20
19
20
20
16
18
19
17
20
18
20
23
23
20
23
23
23
23
20
18
20
23
20
20
20
23
23
23
17
12
19
23
20
23
20
23
23
23
23
20
23
23
23
14
20
23
20
23
20
19
18
23
23
20
23
23
20
20
23
23
20
16
20
23
20
20
23
23
20
23
20
23
23
23
20
20
23
23
23
20
20
23
20
20
23
20
23
20
20
20
23
23
18
18
16
23
20
20
20
20
22
20
20
20
20
20
22
20
18
20
18
20
20
20
13
20
20
20
20
22
18
20
22
20
20
20
17
18
18
20
18
20
17
20
20
20
19
18
20
20
20
17
18
22
20
20
20
20
22
18
22
22
20
18
22
22
22
20
20
18
18
22
20
20
18
20
22
20
20
18
20
18
20
22
20
15
19
20
20
17
18
20
17
20
20
20
17
22
18
20
20
22
22
20
20
22
18
18
18
20
20
20
21
18
20
21
20
20
16
20
21
21
21
17
20
16
20
19
18
19
20
17
19
21
21
21
18
21
21
21
21
6
18
20
18
17
20
20
21
20
20
21
21
20
18
20
21
21
21
19
21
21
18
21
21
18
20
17
20
21
21
15
20
18
21
20
20
21
5
21
21
21
18
21
21
20
17
19
20
15
20
21
21
21
21
21
19
21
21
20
21
21
17
20
21
21
20
20
20
18
18
14
20
20
20
20
20
20
20
19
19
19
20
20
20
19
18
20
18
20
19
20
16
20
18
20
20
20
17
17
20
20
20
20
20
20
19
20
20
19
20
20
20
19
20
20
20
20
18
20
20
20
18
20
20
20
20
20
4
20
17
20
15
19
20
18
19
17
20
19
20
20
15
20
19
20
20
16
17
20
20
20
19
2
17
20
19
19
20
20
20
20
20
20
4
20
20
20
20
20
20
14
18
20
14
17
16
19
17
20
20
20
7
20
18
17
20
18
17
18
20
17
18
20
18
18
17
20
19
20
20
18
20
17
22
20
22
19
18
17
17
17
18
20
16
19
20
18
20
19
18
20
17
20
20
16
20
20
20
17
20
17
17
17
22
20
19
20
20
20
20
20
20
17
20
20
22
19
19
17
20
20
20
20
20
22
17
17
19
19
14
19
18
19
14
20
20
20
20
20
21
19
21
21
22
21
19
18
21
18
16
12
21
21
19
21
19
21
21
18
18
21
21
21
21
19
21
18
19
21
19
21
19
21
19
18
14
21
19
21
16
21
17
17
19
21
21
16
19
21
14
21
18
17
18
21
18
15
21
22
21
19
21
18
21
19
19
21
21
21
19
18
16
18
22
21
19
21
19
21
21
21
19
21
21
16
21
21
17
17
19
22
19
19
21
19
21
19
21
21
19
18
20
19
17
12
19
20
20
20
19
20
19
20
17
20
19
19
19
17
14
19
20
19
20
19
18
19
18
19
19
20
18
17
20
19
18
19
19
19
19
19
20
20
19
20
19
20
20
19
19
18
19
17
18
14
20
19
19
19
19
8
10
20
19
20
17
20
19
20
20
19
19
20
19
20
20
19
18
18
19
17
16
16
16
19
19
20
19
19
20
20
18
20
19
18
20
18
20
20
18
19
19
19
19
18
19
19
19
18
19
18
18
18
18
18
19
18
19
19
19
19
19
19
19
18
19
18
19
19
18
7
18
18
19
19
19
18
19
18
18
19
14
19
19
18
19
19
19
19
19
19
19
19
18
18
19
19
19
18
15
19
19
19
18
19
19
19
19
19
18
19
19
18
19
18
19
19
18
19
19
16
19
16
19
19
19
15
18
19
19
19
18
19
19
19
19
19
19
19
24
18
20
24
17
19
24
24
13
24
24
24
24
19
18
24
18
24
18
24
19
18
24
24
20
24
18
24
19
20
15
24
24
24
18
24
19
19
24
24
19
24
24
24
17
24
24
24
24
19
24
20
24
19
18
24
24
24
18
24
16
24
18
24
24
13
24
18
19
24
13
20
20
24
19
24
24
24
24
24
24
20
24
19
24
24
24
18
1
19
24
24
20
24
24
20
18
24
16
18
